MEME version 4 

ALPHABET= ACGT

strands: + -

Background letter frequencies
A 0.25 C 0.25 G 0.25 T 0.25

MOTIF pattern_0
letter-probability matrix: alength= 4 w= 30 nsites= 100 E= 0
0.3333333333333333 0.2 0.26666666666666666 0.2
0.3333333333333333 0.3333333333333333 0.2 0.13333333333333333
0.35555555555555557 0.24444444444444444 0.1111111111111111 0.28888888888888886
0.37777777777777777 0.17777777777777778 0.17777777777777778 0.26666666666666666
0.4222222222222222 0.13333333333333333 0.2222222222222222 0.2222222222222222
0.3111111111111111 0.17777777777777778 0.08888888888888889 0.4222222222222222
0.3333333333333333 0.24444444444444444 0.2222222222222222 0.2
0.35555555555555557 0.08888888888888889 0.15555555555555556 0.4
0.17777777777777778 0.022222222222222223 0.17777777777777778 0.6222222222222222
0.13333333333333333 0.08888888888888889 0.06666666666666667 0.7111111111111111
0.35555555555555557 0.08888888888888889 0.022222222222222223 0.5333333333333333
0.15555555555555556 0.1111111111111111 0.022222222222222223 0.7111111111111111
0.06666666666666667 0.0 0.06666666666666667 0.8666666666666667
0.8 0.1111111111111111 0.022222222222222223 0.06666666666666667
0.7555555555555555 0.08888888888888889 0.022222222222222223 0.13333333333333333
0.9111111111111111 0.044444444444444446 0.0 0.044444444444444446
0.6 0.044444444444444446 0.06666666666666667 0.28888888888888886
0.7777777777777778 0.0 0.06666666666666667 0.15555555555555556
0.4222222222222222 0.044444444444444446 0.06666666666666667 0.4666666666666667
0.5333333333333333 0.0 0.022222222222222223 0.4444444444444444
0.2222222222222222 0.06666666666666667 0.044444444444444446 0.6666666666666666
0.5111111111111111 0.08888888888888889 0.06666666666666667 0.3333333333333333
0.15555555555555556 0.06666666666666667 0.2 0.5777777777777777
0.28888888888888886 0.15555555555555556 0.06666666666666667 0.4888888888888889
0.37777777777777777 0.15555555555555556 0.17777777777777778 0.28888888888888886
0.35555555555555557 0.06666666666666667 0.15555555555555556 0.4222222222222222
0.26666666666666666 0.2 0.2222222222222222 0.3111111111111111
0.35555555555555557 0.2 0.13333333333333333 0.3111111111111111
0.26666666666666666 0.2222222222222222 0.2222222222222222 0.28888888888888886
0.4666666666666667 0.08888888888888889 0.28888888888888886 0.15555555555555556

MOTIF pattern_1
letter-probability matrix: alength= 4 w= 30 nsites= 100 E= 0
0.40625 0.15625 0.09375 0.34375
0.21875 0.34375 0.15625 0.28125
0.40625 0.15625 0.125 0.3125
0.3125 0.125 0.1875 0.375
0.34375 0.1875 0.1875 0.28125
0.3125 0.1875 0.125 0.375
0.53125 0.125 0.125 0.21875
0.59375 0.15625 0.03125 0.21875
0.34375 0.03125 0.0 0.625
0.09375 0.0 0.03125 0.875
0.375 0.15625 0.15625 0.3125
0.34375 0.0625 0.03125 0.5625
0.15625 0.0625 0.03125 0.75
0.8125 0.0625 0.03125 0.09375
0.09375 0.0 0.09375 0.8125
0.71875 0.09375 0.03125 0.15625
0.3125 0.0 0.03125 0.65625
0.46875 0.0625 0.03125 0.4375
0.09375 0.15625 0.1875 0.5625
0.34375 0.0625 0.0 0.59375
0.0 0.0 0.0 1.0
0.1875 0.125 0.09375 0.59375
0.25 0.09375 0.09375 0.5625
0.25 0.125 0.125 0.5
0.375 0.21875 0.0625 0.34375
0.46875 0.15625 0.125 0.25
0.125 0.25 0.09375 0.53125
0.21875 0.3125 0.125 0.34375
0.21875 0.21875 0.125 0.4375
0.25 0.1875 0.15625 0.40625

MOTIF pattern_2
letter-probability matrix: alength= 4 w= 30 nsites= 100 E= 0
0.20689655172413793 0.41379310344827586 0.13793103448275862 0.2413793103448276
0.20689655172413793 0.1724137931034483 0.3448275862068966 0.27586206896551724
0.06896551724137931 0.1724137931034483 0.5517241379310345 0.20689655172413793
0.06896551724137931 0.3448275862068966 0.2413793103448276 0.3448275862068966
0.20689655172413793 0.06896551724137931 0.13793103448275862 0.5862068965517241
0.4482758620689655 0.06896551724137931 0.13793103448275862 0.3448275862068966
0.6206896551724138 0.06896551724137931 0.13793103448275862 0.1724137931034483
0.13793103448275862 0.13793103448275862 0.0 0.7241379310344828
0.034482758620689655 0.10344827586206896 0.0 0.8620689655172413
0.13793103448275862 0.10344827586206896 0.10344827586206896 0.6551724137931034
0.06896551724137931 0.034482758620689655 0.0 0.896551724137931
0.034482758620689655 0.034482758620689655 0.0 0.9310344827586207
0.0 0.0 0.06896551724137931 0.9310344827586207
0.13793103448275862 0.06896551724137931 0.6551724137931034 0.13793103448275862
0.06896551724137931 0.034482758620689655 0.034482758620689655 0.8620689655172413
0.5862068965517241 0.10344827586206896 0.0 0.3103448275862069
0.0 0.0 0.0 1.0
0.0 0.20689655172413793 0.10344827586206896 0.6896551724137931
0.06896551724137931 0.034482758620689655 0.034482758620689655 0.8620689655172413
0.034482758620689655 0.0 0.034482758620689655 0.9310344827586207
0.0 0.06896551724137931 0.0 0.9310344827586207
0.4827586206896552 0.13793103448275862 0.034482758620689655 0.3448275862068966
0.06896551724137931 0.06896551724137931 0.5862068965517241 0.27586206896551724
0.0 0.13793103448275862 0.06896551724137931 0.7931034482758621
0.5862068965517241 0.06896551724137931 0.1724137931034483 0.1724137931034483
0.13793103448275862 0.10344827586206896 0.4827586206896552 0.27586206896551724
0.7586206896551724 0.06896551724137931 0.034482758620689655 0.13793103448275862
0.27586206896551724 0.034482758620689655 0.5172413793103449 0.1724137931034483
0.6551724137931034 0.10344827586206896 0.10344827586206896 0.13793103448275862
0.10344827586206896 0.3103448275862069 0.10344827586206896 0.4827586206896552

MOTIF pattern_3
letter-probability matrix: alength= 4 w= 30 nsites= 100 E= 0
0.1 0.2 0.4 0.3
0.4 0.25 0.25 0.1
0.1 0.3 0.55 0.05
0.6 0.25 0.15 0.0
0.25 0.15 0.0 0.6
0.25 0.05 0.65 0.05
0.4 0.1 0.45 0.05
0.25 0.05 0.65 0.05
0.1 0.15 0.7 0.05
0.05 0.0 0.15 0.8
0.1 0.05 0.15 0.7
0.05 0.15 0.05 0.75
0.0 0.75 0.1 0.15
0.5 0.25 0.05 0.2
0.0 0.95 0.0 0.05
0.05 0.8 0.0 0.15
0.6 0.2 0.15 0.05
0.0 0.05 0.15 0.8
0.15 0.3 0.5 0.05
0.2 0.15 0.1 0.55
0.05 0.3 0.2 0.45
0.5 0.1 0.35 0.05
0.2 0.1 0.6 0.1
0.2 0.6 0.2 0.0
0.05 0.75 0.05 0.15
0.6 0.2 0.05 0.15
0.2 0.1 0.6 0.1
0.3 0.15 0.45 0.1
0.25 0.45 0.15 0.15
0.15 0.15 0.3 0.4
