MEME version 4 

ALPHABET= ACGT

strands: + -

Background letter frequencies
A 0.25 C 0.25 G 0.25 T 0.25

MOTIF pattern_0
letter-probability matrix: alength= 4 w= 30 nsites= 100 E= 0
0.19444444444444445 0.3611111111111111 0.2222222222222222 0.2222222222222222
0.08333333333333333 0.4166666666666667 0.2777777777777778 0.2222222222222222
0.3055555555555556 0.2222222222222222 0.08333333333333333 0.3888888888888889
0.25 0.1111111111111111 0.4444444444444444 0.19444444444444445
0.2777777777777778 0.2222222222222222 0.3055555555555556 0.19444444444444445
0.25 0.3611111111111111 0.0 0.3888888888888889
0.4166666666666667 0.19444444444444445 0.08333333333333333 0.3055555555555556
0.8333333333333334 0.05555555555555555 0.027777777777777776 0.08333333333333333
0.8055555555555556 0.08333333333333333 0.0 0.1111111111111111
0.3333333333333333 0.027777777777777776 0.05555555555555555 0.5833333333333334
0.16666666666666666 0.027777777777777776 0.1388888888888889 0.6666666666666666
0.05555555555555555 0.0 0.027777777777777776 0.9166666666666666
0.05555555555555555 0.027777777777777776 0.05555555555555555 0.8611111111111112
0.027777777777777776 0.0 0.0 0.9722222222222222
0.05555555555555555 0.0 0.3611111111111111 0.5833333333333334
0.027777777777777776 0.08333333333333333 0.0 0.8888888888888888
0.8055555555555556 0.1111111111111111 0.027777777777777776 0.05555555555555555
0.4444444444444444 0.1111111111111111 0.027777777777777776 0.4166666666666667
0.4722222222222222 0.05555555555555555 0.05555555555555555 0.4166666666666667
0.4166666666666667 0.027777777777777776 0.19444444444444445 0.3611111111111111
0.25 0.05555555555555555 0.16666666666666666 0.5277777777777778
0.25 0.05555555555555555 0.19444444444444445 0.5
0.5833333333333334 0.027777777777777776 0.05555555555555555 0.3333333333333333
0.3055555555555556 0.0 0.3333333333333333 0.3611111111111111
0.3055555555555556 0.05555555555555555 0.1388888888888889 0.5
0.5 0.1388888888888889 0.1388888888888889 0.2222222222222222
0.2222222222222222 0.1111111111111111 0.4166666666666667 0.25
0.5555555555555556 0.08333333333333333 0.027777777777777776 0.3333333333333333
0.2777777777777778 0.19444444444444445 0.3888888888888889 0.1388888888888889
0.5 0.1111111111111111 0.1388888888888889 0.25

MOTIF pattern_1
letter-probability matrix: alength= 4 w= 30 nsites= 100 E= 0
0.1935483870967742 0.3225806451612903 0.22580645161290322 0.25806451612903225
0.25806451612903225 0.2903225806451613 0.0967741935483871 0.3548387096774194
0.3225806451612903 0.22580645161290322 0.0967741935483871 0.3548387096774194
0.22580645161290322 0.16129032258064516 0.12903225806451613 0.4838709677419355
0.0967741935483871 0.0967741935483871 0.3548387096774194 0.45161290322580644
0.3548387096774194 0.16129032258064516 0.16129032258064516 0.3225806451612903
0.41935483870967744 0.06451612903225806 0.2903225806451613 0.22580645161290322
0.4838709677419355 0.06451612903225806 0.1935483870967742 0.25806451612903225
0.7741935483870968 0.12903225806451613 0.0 0.0967741935483871
0.6451612903225806 0.03225806451612903 0.06451612903225806 0.25806451612903225
0.12903225806451613 0.0967741935483871 0.0967741935483871 0.6774193548387096
0.3225806451612903 0.03225806451612903 0.06451612903225806 0.5806451612903226
0.967741935483871 0.0 0.0 0.03225806451612903
0.0 0.0 0.06451612903225806 0.9354838709677419
0.03225806451612903 0.06451612903225806 0.0967741935483871 0.8064516129032258
0.03225806451612903 0.03225806451612903 0.0 0.9354838709677419
0.5483870967741935 0.1935483870967742 0.03225806451612903 0.22580645161290322
0.6129032258064516 0.0967741935483871 0.06451612903225806 0.22580645161290322
0.6774193548387096 0.12903225806451613 0.03225806451612903 0.16129032258064516
0.5483870967741935 0.1935483870967742 0.12903225806451613 0.12903225806451613
0.25806451612903225 0.06451612903225806 0.12903225806451613 0.5483870967741935
0.5483870967741935 0.1935483870967742 0.06451612903225806 0.1935483870967742
0.25806451612903225 0.1935483870967742 0.12903225806451613 0.41935483870967744
0.12903225806451613 0.3548387096774194 0.22580645161290322 0.2903225806451613
0.3548387096774194 0.1935483870967742 0.06451612903225806 0.3870967741935484
0.25806451612903225 0.25806451612903225 0.1935483870967742 0.2903225806451613
0.3548387096774194 0.0967741935483871 0.16129032258064516 0.3870967741935484
0.3548387096774194 0.12903225806451613 0.22580645161290322 0.2903225806451613
0.25806451612903225 0.16129032258064516 0.3225806451612903 0.25806451612903225
0.25806451612903225 0.22580645161290322 0.2903225806451613 0.22580645161290322

MOTIF pattern_2
letter-probability matrix: alength= 4 w= 30 nsites= 100 E= 0
0.2222222222222222 0.5925925925925926 0.14814814814814814 0.037037037037037035
0.0 0.37037037037037035 0.037037037037037035 0.5925925925925926
0.037037037037037035 0.2222222222222222 0.037037037037037035 0.7037037037037037
0.1111111111111111 0.14814814814814814 0.037037037037037035 0.7037037037037037
0.14814814814814814 0.037037037037037035 0.8148148148148148 0.0
0.07407407407407407 0.07407407407407407 0.8148148148148148 0.037037037037037035
0.0 0.07407407407407407 0.9259259259259259 0.0
0.8148148148148148 0.037037037037037035 0.037037037037037035 0.1111111111111111
0.0 0.037037037037037035 0.9629629629629629 0.0
0.037037037037037035 0.037037037037037035 0.9259259259259259 0.0
0.0 0.8888888888888888 0.0 0.1111111111111111
0.07407407407407407 0.6666666666666666 0.0 0.25925925925925924
0.14814814814814814 0.1111111111111111 0.7407407407407407 0.0
0.9259259259259259 0.0 0.07407407407407407 0.0
0.0 0.037037037037037035 0.9259259259259259 0.037037037037037035
0.07407407407407407 0.037037037037037035 0.8888888888888888 0.0
0.037037037037037035 0.7037037037037037 0.037037037037037035 0.2222222222222222
0.25925925925925924 0.037037037037037035 0.5555555555555556 0.14814814814814814
0.037037037037037035 0.037037037037037035 0.7777777777777778 0.14814814814814814
0.07407407407407407 0.1111111111111111 0.7777777777777778 0.037037037037037035
0.25925925925925924 0.2962962962962963 0.037037037037037035 0.4074074074074074
0.18518518518518517 0.037037037037037035 0.6666666666666666 0.1111111111111111
0.18518518518518517 0.037037037037037035 0.7037037037037037 0.07407407407407407
0.7777777777777778 0.037037037037037035 0.07407407407407407 0.1111111111111111
0.07407407407407407 0.07407407407407407 0.07407407407407407 0.7777777777777778
0.1111111111111111 0.6296296296296297 0.18518518518518517 0.07407407407407407
0.5185185185185185 0.2222222222222222 0.14814814814814814 0.1111111111111111
0.1111111111111111 0.6666666666666666 0.037037037037037035 0.18518518518518517
0.1111111111111111 0.3333333333333333 0.2962962962962963 0.25925925925925924
0.2962962962962963 0.037037037037037035 0.0 0.6666666666666666

MOTIF pattern_3
letter-probability matrix: alength= 4 w= 30 nsites= 100 E= 0
0.3076923076923077 0.19230769230769232 0.19230769230769232 0.3076923076923077
0.2692307692307692 0.07692307692307693 0.34615384615384615 0.3076923076923077
0.5 0.11538461538461539 0.19230769230769232 0.19230769230769232
0.34615384615384615 0.23076923076923078 0.15384615384615385 0.2692307692307692
0.23076923076923078 0.23076923076923078 0.07692307692307693 0.46153846153846156
0.46153846153846156 0.038461538461538464 0.23076923076923078 0.2692307692307692
0.6153846153846154 0.11538461538461539 0.0 0.2692307692307692
0.7307692307692307 0.07692307692307693 0.11538461538461539 0.07692307692307693
0.7307692307692307 0.038461538461538464 0.07692307692307693 0.15384615384615385
0.15384615384615385 0.038461538461538464 0.19230769230769232 0.6153846153846154
0.11538461538461539 0.2692307692307692 0.0 0.6153846153846154
0.07692307692307693 0.07692307692307693 0.07692307692307693 0.7692307692307693
0.38461538461538464 0.11538461538461539 0.11538461538461539 0.38461538461538464
0.15384615384615385 0.11538461538461539 0.0 0.7307692307692307
0.4230769230769231 0.07692307692307693 0.15384615384615385 0.34615384615384615
0.0 0.23076923076923078 0.0 0.7692307692307693
0.5769230769230769 0.038461538461538464 0.11538461538461539 0.2692307692307692
0.23076923076923078 0.07692307692307693 0.0 0.6923076923076923
0.15384615384615385 0.11538461538461539 0.0 0.7307692307692307
0.5384615384615384 0.19230769230769232 0.23076923076923078 0.038461538461538464
0.5769230769230769 0.07692307692307693 0.15384615384615385 0.19230769230769232
0.3076923076923077 0.07692307692307693 0.15384615384615385 0.46153846153846156
0.46153846153846156 0.15384615384615385 0.11538461538461539 0.2692307692307692
0.4230769230769231 0.07692307692307693 0.07692307692307693 0.4230769230769231
0.5 0.07692307692307693 0.15384615384615385 0.2692307692307692
0.11538461538461539 0.19230769230769232 0.11538461538461539 0.5769230769230769
0.5 0.038461538461538464 0.07692307692307693 0.38461538461538464
0.23076923076923078 0.23076923076923078 0.15384615384615385 0.38461538461538464
0.5769230769230769 0.07692307692307693 0.23076923076923078 0.11538461538461539
0.6923076923076923 0.07692307692307693 0.11538461538461539 0.11538461538461539

MOTIF pattern_4
letter-probability matrix: alength= 4 w= 30 nsites= 100 E= 0
0.3333333333333333 0.25 0.125 0.2916666666666667
0.375 0.20833333333333334 0.08333333333333333 0.3333333333333333
0.25 0.16666666666666666 0.08333333333333333 0.5
0.25 0.16666666666666666 0.041666666666666664 0.5416666666666666
0.3333333333333333 0.08333333333333333 0.25 0.3333333333333333
0.3333333333333333 0.16666666666666666 0.125 0.375
0.2916666666666667 0.16666666666666666 0.125 0.4166666666666667
0.4166666666666667 0.041666666666666664 0.2916666666666667 0.25
0.3333333333333333 0.08333333333333333 0.20833333333333334 0.375
0.3333333333333333 0.125 0.08333333333333333 0.4583333333333333
0.20833333333333334 0.20833333333333334 0.0 0.5833333333333334
0.16666666666666666 0.041666666666666664 0.041666666666666664 0.75
0.75 0.08333333333333333 0.0 0.16666666666666666
0.08333333333333333 0.041666666666666664 0.08333333333333333 0.7916666666666666
0.2916666666666667 0.0 0.08333333333333333 0.625
0.041666666666666664 0.0 0.0 0.9583333333333334
0.5833333333333334 0.0 0.08333333333333333 0.3333333333333333
0.125 0.041666666666666664 0.0 0.8333333333333334
0.16666666666666666 0.16666666666666666 0.041666666666666664 0.625
1.0 0.0 0.0 0.0
0.041666666666666664 0.125 0.08333333333333333 0.75
0.041666666666666664 0.041666666666666664 0.0 0.9166666666666666
0.5 0.16666666666666666 0.08333333333333333 0.25
0.20833333333333334 0.08333333333333333 0.125 0.5833333333333334
0.5 0.041666666666666664 0.041666666666666664 0.4166666666666667
0.3333333333333333 0.2916666666666667 0.041666666666666664 0.3333333333333333
0.4583333333333333 0.125 0.041666666666666664 0.375
0.3333333333333333 0.20833333333333334 0.25 0.20833333333333334
0.3333333333333333 0.041666666666666664 0.25 0.375
0.20833333333333334 0.125 0.3333333333333333 0.3333333333333333

MOTIF pattern_5
letter-probability matrix: alength= 4 w= 30 nsites= 100 E= 0
0.25 0.05 0.15 0.55
0.45 0.15 0.15 0.25
0.4 0.15 0.1 0.35
0.35 0.1 0.2 0.35
0.2 0.2 0.2 0.4
0.4 0.2 0.25 0.15
0.65 0.15 0.15 0.05
0.5 0.05 0.1 0.35
0.5 0.0 0.15 0.35
0.3 0.05 0.1 0.55
0.7 0.0 0.15 0.15
0.25 0.05 0.0 0.7
0.85 0.05 0.0 0.1
0.05 0.0 0.0 0.95
0.05 0.05 0.0 0.9
0.0 0.0 0.15 0.85
0.1 0.05 0.05 0.8
0.5 0.0 0.0 0.5
0.1 0.05 0.05 0.8
0.6 0.25 0.1 0.05
0.2 0.2 0.05 0.55
0.15 0.15 0.0 0.7
0.4 0.1 0.1 0.4
0.4 0.1 0.2 0.3
0.35 0.05 0.0 0.6
0.3 0.25 0.25 0.2
0.55 0.1 0.15 0.2
0.25 0.3 0.15 0.3
0.25 0.3 0.2 0.25
0.45 0.2 0.05 0.3
