MEME version 4 

ALPHABET= ACGT

strands: + -

Background letter frequencies
A 0.25 C 0.25 G 0.25 T 0.25

MOTIF pattern_0
letter-probability matrix: alength= 4 w= 30 nsites= 100 E= 0
0.022222222222222223 0.7333333333333333 0.15555555555555556 0.08888888888888889
0.022222222222222223 0.8 0.1111111111111111 0.06666666666666667
0.022222222222222223 0.2222222222222222 0.0 0.7555555555555555
0.022222222222222223 0.8444444444444444 0.022222222222222223 0.1111111111111111
0.06666666666666667 0.17777777777777778 0.4222222222222222 0.3333333333333333
0.26666666666666666 0.022222222222222223 0.6888888888888889 0.022222222222222223
0.13333333333333333 0.6666666666666666 0.13333333333333333 0.06666666666666667
0.044444444444444446 0.8444444444444444 0.08888888888888889 0.022222222222222223
0.06666666666666667 0.08888888888888889 0.022222222222222223 0.8222222222222222
0.044444444444444446 0.8222222222222222 0.06666666666666667 0.06666666666666667
0.13333333333333333 0.7333333333333333 0.06666666666666667 0.06666666666666667
0.08888888888888889 0.4888888888888889 0.2 0.2222222222222222
0.4666666666666667 0.08888888888888889 0.4222222222222222 0.022222222222222223
0.4222222222222222 0.022222222222222223 0.5111111111111111 0.044444444444444446
0.24444444444444444 0.08888888888888889 0.5555555555555556 0.1111111111111111
0.06666666666666667 0.2222222222222222 0.28888888888888886 0.4222222222222222
0.022222222222222223 0.08888888888888889 0.022222222222222223 0.8666666666666667
0.1111111111111111 0.6 0.2222222222222222 0.06666666666666667
0.6666666666666666 0.28888888888888886 0.022222222222222223 0.022222222222222223
0.5555555555555556 0.06666666666666667 0.08888888888888889 0.28888888888888886
0.022222222222222223 0.06666666666666667 0.8222222222222222 0.08888888888888889
0.022222222222222223 0.26666666666666666 0.3333333333333333 0.37777777777777777
0.13333333333333333 0.0 0.8444444444444444 0.022222222222222223
0.8444444444444444 0.044444444444444446 0.044444444444444446 0.06666666666666667
0.044444444444444446 0.044444444444444446 0.1111111111111111 0.8
0.0 0.2 0.13333333333333333 0.6666666666666666
0.3111111111111111 0.5111111111111111 0.044444444444444446 0.13333333333333333
0.022222222222222223 0.4222222222222222 0.08888888888888889 0.4666666666666667
0.3333333333333333 0.4666666666666667 0.1111111111111111 0.08888888888888889
0.1111111111111111 0.37777777777777777 0.37777777777777777 0.13333333333333333

MOTIF pattern_1
letter-probability matrix: alength= 4 w= 30 nsites= 100 E= 0
0.425 0.125 0.1 0.35
0.4 0.125 0.175 0.3
0.275 0.05 0.2 0.475
0.325 0.225 0.15 0.3
0.3 0.125 0.05 0.525
0.375 0.125 0.15 0.35
0.375 0.15 0.2 0.275
0.65 0.025 0.1 0.225
0.5 0.125 0.125 0.25
0.4 0.15 0.175 0.275
0.6 0.175 0.075 0.15
0.225 0.025 0.1 0.65
0.225 0.1 0.175 0.5
0.175 0.0 0.125 0.7
0.65 0.025 0.075 0.25
0.8 0.025 0.0 0.175
0.875 0.05 0.0 0.075
0.625 0.1 0.05 0.225
0.875 0.0 0.05 0.075
0.125 0.0 0.0 0.875
0.95 0.025 0.0 0.025
0.075 0.025 0.05 0.85
0.1 0.0 0.2 0.7
0.075 0.125 0.05 0.75
0.45 0.15 0.075 0.325
0.275 0.275 0.25 0.2
0.35 0.175 0.15 0.325
0.425 0.125 0.1 0.35
0.175 0.2 0.25 0.375
0.25 0.2 0.225 0.325

MOTIF pattern_2
letter-probability matrix: alength= 4 w= 30 nsites= 100 E= 0
0.1282051282051282 0.5384615384615384 0.05128205128205128 0.28205128205128205
0.20512820512820512 0.10256410256410256 0.0 0.6923076923076923
0.717948717948718 0.02564102564102564 0.0 0.2564102564102564
0.5897435897435898 0.07692307692307693 0.02564102564102564 0.3076923076923077
0.07692307692307693 0.07692307692307693 0.0 0.8461538461538461
0.05128205128205128 0.02564102564102564 0.0 0.9230769230769231
0.02564102564102564 0.0 0.02564102564102564 0.9487179487179487
0.0 0.02564102564102564 0.0 0.9743589743589743
0.0 0.05128205128205128 0.02564102564102564 0.9230769230769231
0.07692307692307693 0.0 0.6923076923076923 0.23076923076923078
0.02564102564102564 0.0 0.02564102564102564 0.9487179487179487
0.8461538461538461 0.0 0.07692307692307693 0.07692307692307693
0.05128205128205128 0.10256410256410256 0.0 0.8461538461538461
0.07692307692307693 0.0 0.02564102564102564 0.8974358974358975
0.0 0.0 0.05128205128205128 0.9487179487179487
0.0 0.05128205128205128 0.0 0.9487179487179487
0.0 0.0 0.0 1.0
0.9230769230769231 0.0 0.0 0.07692307692307693
0.02564102564102564 0.0 0.9743589743589743 0.0
0.0 0.02564102564102564 0.0 0.9743589743589743
0.9743589743589743 0.0 0.02564102564102564 0.0
0.02564102564102564 0.0 0.9743589743589743 0.0
0.9743589743589743 0.0 0.02564102564102564 0.0
0.0 0.0 0.9743589743589743 0.02564102564102564
0.9743589743589743 0.0 0.02564102564102564 0.0
0.0 0.7435897435897436 0.0 0.2564102564102564
0.3333333333333333 0.0 0.6410256410256411 0.02564102564102564
0.07692307692307693 0.0 0.9230769230769231 0.0
0.05128205128205128 0.02564102564102564 0.8974358974358975 0.02564102564102564
0.1282051282051282 0.0 0.8205128205128205 0.05128205128205128

MOTIF pattern_3
letter-probability matrix: alength= 4 w= 30 nsites= 100 E= 0
0.2777777777777778 0.2222222222222222 0.1388888888888889 0.3611111111111111
0.2777777777777778 0.16666666666666666 0.1388888888888889 0.4166666666666667
0.2777777777777778 0.1388888888888889 0.25 0.3333333333333333
0.4166666666666667 0.1111111111111111 0.1111111111111111 0.3611111111111111
0.5555555555555556 0.1111111111111111 0.19444444444444445 0.1388888888888889
0.3888888888888889 0.1388888888888889 0.25 0.2222222222222222
0.5277777777777778 0.25 0.027777777777777776 0.19444444444444445
0.3333333333333333 0.08333333333333333 0.16666666666666666 0.4166666666666667
0.5277777777777778 0.1111111111111111 0.1388888888888889 0.2222222222222222
0.7777777777777778 0.05555555555555555 0.05555555555555555 0.1111111111111111
0.4444444444444444 0.027777777777777776 0.16666666666666666 0.3611111111111111
0.8055555555555556 0.0 0.027777777777777776 0.16666666666666666
0.5833333333333334 0.1111111111111111 0.05555555555555555 0.25
0.027777777777777776 0.0 0.0 0.9722222222222222
0.9444444444444444 0.027777777777777776 0.027777777777777776 0.0
0.7777777777777778 0.05555555555555555 0.027777777777777776 0.1388888888888889
0.5 0.08333333333333333 0.027777777777777776 0.3888888888888889
0.8611111111111112 0.027777777777777776 0.027777777777777776 0.08333333333333333
0.8055555555555556 0.08333333333333333 0.027777777777777776 0.08333333333333333
0.3055555555555556 0.05555555555555555 0.05555555555555555 0.5833333333333334
0.75 0.08333333333333333 0.027777777777777776 0.1388888888888889
0.4722222222222222 0.08333333333333333 0.08333333333333333 0.3611111111111111
0.2777777777777778 0.08333333333333333 0.1111111111111111 0.5277777777777778
0.2222222222222222 0.1388888888888889 0.2222222222222222 0.4166666666666667
0.6666666666666666 0.1111111111111111 0.05555555555555555 0.16666666666666666
0.25 0.19444444444444445 0.19444444444444445 0.3611111111111111
0.3333333333333333 0.2222222222222222 0.1388888888888889 0.3055555555555556
0.5 0.1388888888888889 0.1111111111111111 0.25
0.5 0.1111111111111111 0.027777777777777776 0.3611111111111111
0.4166666666666667 0.08333333333333333 0.1111111111111111 0.3888888888888889

MOTIF pattern_4
letter-probability matrix: alength= 4 w= 30 nsites= 100 E= 0
0.19444444444444445 0.19444444444444445 0.2777777777777778 0.3333333333333333
0.19444444444444445 0.2222222222222222 0.2777777777777778 0.3055555555555556
0.2222222222222222 0.2222222222222222 0.2222222222222222 0.3333333333333333
0.3611111111111111 0.1388888888888889 0.1388888888888889 0.3611111111111111
0.4166666666666667 0.16666666666666666 0.19444444444444445 0.2222222222222222
0.2777777777777778 0.2222222222222222 0.16666666666666666 0.3333333333333333
0.2222222222222222 0.3055555555555556 0.16666666666666666 0.3055555555555556
0.16666666666666666 0.19444444444444445 0.1111111111111111 0.5277777777777778
0.16666666666666666 0.08333333333333333 0.1388888888888889 0.6111111111111112
0.16666666666666666 0.19444444444444445 0.2777777777777778 0.3611111111111111
0.4444444444444444 0.1111111111111111 0.027777777777777776 0.4166666666666667
0.5277777777777778 0.027777777777777776 0.0 0.4444444444444444
0.7777777777777778 0.05555555555555555 0.05555555555555555 0.1111111111111111
0.027777777777777776 0.05555555555555555 0.05555555555555555 0.8611111111111112
1.0 0.0 0.0 0.0
0.8055555555555556 0.0 0.05555555555555555 0.1388888888888889
0.9166666666666666 0.0 0.027777777777777776 0.05555555555555555
0.75 0.0 0.08333333333333333 0.16666666666666666
0.7777777777777778 0.05555555555555555 0.05555555555555555 0.1111111111111111
0.5833333333333334 0.1111111111111111 0.05555555555555555 0.25
0.4444444444444444 0.1111111111111111 0.027777777777777776 0.4166666666666667
0.19444444444444445 0.05555555555555555 0.2777777777777778 0.4722222222222222
0.027777777777777776 0.1388888888888889 0.1388888888888889 0.6944444444444444
0.2222222222222222 0.08333333333333333 0.1111111111111111 0.5833333333333334
0.3333333333333333 0.08333333333333333 0.1111111111111111 0.4722222222222222
0.3055555555555556 0.1388888888888889 0.16666666666666666 0.3888888888888889
0.25 0.16666666666666666 0.25 0.3333333333333333
0.4444444444444444 0.16666666666666666 0.19444444444444445 0.19444444444444445
0.3055555555555556 0.1388888888888889 0.1388888888888889 0.4166666666666667
0.3888888888888889 0.1388888888888889 0.2777777777777778 0.19444444444444445

MOTIF pattern_5
letter-probability matrix: alength= 4 w= 30 nsites= 100 E= 0
0.5483870967741935 0.12903225806451613 0.25806451612903225 0.06451612903225806
0.45161290322580644 0.12903225806451613 0.22580645161290322 0.1935483870967742
0.41935483870967744 0.12903225806451613 0.0967741935483871 0.3548387096774194
0.3548387096774194 0.12903225806451613 0.1935483870967742 0.3225806451612903
0.3548387096774194 0.16129032258064516 0.16129032258064516 0.3225806451612903
0.3548387096774194 0.03225806451612903 0.3225806451612903 0.2903225806451613
0.2903225806451613 0.0967741935483871 0.25806451612903225 0.3548387096774194
0.5161290322580645 0.0967741935483871 0.1935483870967742 0.1935483870967742
0.3548387096774194 0.12903225806451613 0.0967741935483871 0.41935483870967744
0.45161290322580644 0.22580645161290322 0.12903225806451613 0.1935483870967742
0.2903225806451613 0.16129032258064516 0.12903225806451613 0.41935483870967744
0.45161290322580644 0.0967741935483871 0.0 0.45161290322580644
0.0967741935483871 0.06451612903225806 0.03225806451612903 0.8064516129032258
0.0 0.06451612903225806 0.06451612903225806 0.8709677419354839
0.7419354838709677 0.03225806451612903 0.12903225806451613 0.0967741935483871
0.8064516129032258 0.03225806451612903 0.0 0.16129032258064516
0.9032258064516129 0.0 0.0 0.0967741935483871
0.5483870967741935 0.0 0.0967741935483871 0.3548387096774194
0.45161290322580644 0.0 0.1935483870967742 0.3548387096774194
0.8064516129032258 0.0 0.06451612903225806 0.12903225806451613
1.0 0.0 0.0 0.0
0.5161290322580645 0.06451612903225806 0.12903225806451613 0.2903225806451613
0.5483870967741935 0.0 0.0967741935483871 0.3548387096774194
0.5806451612903226 0.03225806451612903 0.0967741935483871 0.2903225806451613
0.45161290322580644 0.06451612903225806 0.16129032258064516 0.3225806451612903
0.3225806451612903 0.1935483870967742 0.12903225806451613 0.3548387096774194
0.41935483870967744 0.1935483870967742 0.0967741935483871 0.2903225806451613
0.45161290322580644 0.25806451612903225 0.12903225806451613 0.16129032258064516
0.41935483870967744 0.22580645161290322 0.06451612903225806 0.2903225806451613
0.45161290322580644 0.16129032258064516 0.12903225806451613 0.25806451612903225

MOTIF pattern_6
letter-probability matrix: alength= 4 w= 30 nsites= 100 E= 0
0.55 0.1 0.1 0.25
0.4 0.05 0.3 0.25
0.2 0.15 0.05 0.6
0.5 0.3 0.1 0.1
0.4 0.15 0.05 0.4
0.35 0.2 0.2 0.25
0.25 0.05 0.35 0.35
0.55 0.1 0.1 0.25
0.15 0.1 0.1 0.65
0.7 0.0 0.15 0.15
0.6 0.15 0.15 0.1
0.15 0.05 0.05 0.75
0.1 0.0 0.05 0.85
0.0 0.05 0.0 0.95
1.0 0.0 0.0 0.0
0.85 0.05 0.0 0.1
0.95 0.0 0.0 0.05
0.85 0.0 0.0 0.15
0.6 0.0 0.15 0.25
0.25 0.0 0.1 0.65
0.6 0.2 0.0 0.2
0.45 0.35 0.05 0.15
0.4 0.0 0.15 0.45
0.25 0.15 0.2 0.4
0.5 0.15 0.05 0.3
0.45 0.2 0.15 0.2
0.15 0.15 0.15 0.55
0.4 0.1 0.2 0.3
0.25 0.0 0.15 0.6
0.45 0.25 0.2 0.1
